-0.51696416514671
1.22192121739814
0.72133261314406
0.86963581682210
1.61821688398013
1.58855636636786
-1.18830857365526
-0.18712466972702
-0.68774440153665
-0.06342002683391
0.84973909876632
-0.38589158599075
0.29739791787265
-1.05039463864778
1.32076047150454
0.95777892846638
-1.17469426908004
0.43590277732732
-1.55086404316783
0.88455689175917
0.01142660646612
-0.22751898535443
-0.05444996165859
-0.38159195517365
-1.84861841219792
0.21937398675336
1.63441921224503
-1.46325348051223
-0.64189897363699
-1.28356907097053
-0.09403651411145
-0.87634726167959
1.28241550665362
0.53237327882274
-1.23327367953554
-0.48266360416663
0.01080718172159
0.36688239136204
2.40091399081176
-0.86349392506897
0.95436844642955
1.60007498233771
-1.26013246317326
-0.18932341497152
0.49369631711047
0.06710268243589
1.21291527620290
-0.45065260944017
-0.29950751906521
-0.20033243407764
0.78041208575729
-1.09701748276732
-0.60610255097061
1.85599188773728
-0.93912824388808
0.27331062467296
-0.01843972685697
1.27387706354188
0.78719101068291
-0.20950851351071
-0.57459303403025
-0.75692279478807
0.76075513984513
1.19532844208438
-1.76639071771585
-0.70213350145844
0.10030913446421
-1.45984096944789
1.52588379823436
2.21156538758254
1.49960014484338
-0.27386305252800
0.61916522670269
-0.14771214441522
0.66357959912292
1.54048106542564
0.56045474349865
-0.23043845571550
-0.83714989058386
0.14330763520909
-1.40408928240676
0.09622210746067
-0.45939891273865
0.90615888127574
-0.64202960986896
1.42636512277431
-1.72639881884562
0.29969016074754
1.20096242535582
0.31692426500297
-0.09623260149075
0.31255684652064
-1.52287445915773
0.74406848177110
0.33180727754712
-1.74079419331256
-0.76130589022011
-0.43193718520445
0.43058310686875
-0.47694189087878
0.23668493062014
-0.03723598816924
1.36903736605033
-0.52860934887126
-0.92437735854275
-0.63360368472803
0.53478639453272
-0.51053780436871
1.01380870252406
1.03578777865199
0.68093827082649
0.86281854658844
1.36959116550995
0.53497131950211
-1.28401761511245
1.37059075247048
2.12795369778334
-0.87241087072061
-0.27939730408955
-0.66848020213090
-0.58785566602863
-0.17399856526149
-1.22949572939306
1.09825496987916
-1.23918872767331
1.17614126554701
1.56028337040390
0.62041195918564
0.83305997771585
-1.36430437594644
0.97435576669382
0.15410877619092
-0.55119220260556
-2.32246224834435
0.46770280035485
0.76526125167011
0.93791761407692
0.79745378733853
0.35384492672204
-1.52455390352143
0.83535638047219
-0.75200944904714
-0.00783582242877
-0.58040733923049
0.19882305198849
1.84247390866888
-0.17700312847656
-0.95051768312593
-0.41647989037515
-0.05323671081242
-0.19348503079268
-0.14718593960571
2.22925717157829
-0.40250669928238
-1.83130622067186
0.62418899563878
0.08482996757146
1.93515534495969
-1.44238424135804
0.60073917876401
-2.33244552947896
1.03693594617525
0.64436569166326
-0.74872354974988
-0.73024737147462
0.17066860091127
-1.09445271044302
1.01395660057888
0.64096717992349
0.18549522300957
0.91566346316081
-0.60733004750690
0.27394876848863
-0.81012979784867
1.07040906610858
-0.12525094453352
0.63668203422585
-0.59032069567667
-1.27135245102185
-0.33865713237391
0.44181773210781
-1.97262485097757
0.20347496020884
-0.25011579058877
0.77776786780385
-0.28217464148068
-0.27696402135390
0.61911533464238
-0.55071234127580
-0.32181100669211
-1.21706096034208
0.66068032023836
1.08136795217583
-0.50132048574221
0.78276793162513
-0.42361523449330
0.97676560071694
3.09820832794098
-2.62747837752267
-0.48261765517198
-1.02882000140731
0.71244188630684
-0.58596408341003
-0.35544272971377
-0.75831277214955
-1.19489541219580
-0.68065195162522
-1.08273110097185
0.89241039919030
2.75939898020611
1.61676438672063
-0.76581149305413
-0.18158825105562
-0.57938129692104
-1.06095079413319
0.83905849390414
-0.02399263238835
1.85096554719559
-0.45386186317538
-0.80212218038015
0.06668803772476
0.29009912072760
0.07908826004077
-2.62630600344474
-1.28548693995594
-0.89973211651659
0.73891164843859
0.24315960952395
-1.10929583730637
0.76968693758487
-1.15907772833216
0.10097175324933
-0.59254586815924
-2.93355129146418
0.30298993390659
0.03299919341214
-1.45928607196748
0.52441870203453
0.23840639614362
-0.58051488786833
1.31162883338553
-0.65348681556245
-0.79026810230285
-0.77664611019355
0.63184626548344
0.83928133246040
-2.22965648273694
-0.50083921709126
1.66690050360147
-1.26301171227552
0.15091344598546
1.33484981367785
0.24838487300542
-0.25874092811103
-2.02267995079359
0.09253162041841
-0.93241461548822
0.58242266175351
0.89511834447229
-1.71396553630324
0.68745204325234
-1.08310505722660
0.05403655439149
1.38297341196681
-1.19939943889853
-0.66364580502097
0.26453117325721
-0.73583958548678
1.61163127702532
-0.86455480554234
-2.39786643798785
0.37580440275003
-0.83670750033522
0.40554408335537
-0.84245683827021
1.24680603785795
-0.29019382682931
-0.21842131414464
0.79247660797598
0.07734175547666
0.71511595844973
0.37104146883976
-0.75095180409752
-0.84213510374006
0.50131269162132
-1.01853416425831
2.81446568051620
0.84819667609549
0.21020650273176
-1.69559103847172
0.92703206285551
0.13604670592253
0.49099060145285
-1.14831107504700
-0.91421808591120
-1.25588337429617
-0.99908547150364
1.32750198819346
0.47506697277355
0.72884762525460